1111111111111111111111111111111111111111111111111111111111111111111000000000000000000000000000000000000000000000000000000000000000000000000000000000000000000000000000000000000000000000000000000000000000000000000000000000000000000000000000000000000000000000000000000000000000000000000000000000000000000000000000000000000000000000000000000000000000000000000000000000000000000000000000000000000000000000000000000000000000000000000000000000000
0000000000000001000001011000110100100100010010110000100000000110100111111111111111111111111111111111110000000000000000000000000000000000000000000000000000000000000000000000000000000000000000000000000000000000000000000000000000000000000000000000000000000000000000000000000000000000000000000000000000000000000000000000000000000000000000000000000000000000000000000000000000000000000000000000000000000000000000000000000000000000000000000000000
0001000010001001000000000001110000100100000000100111100001000000100100001100110100001010001000011011011111111111111111111111111111111111111111111111111111111110000000000000000000000000000000000000000000000000000000000000000000000000000000000000000000000000000000000000000000000000000000000000000000000000000000000000000000000000000000000000000000000000000000000000000000000000000000000000000000000000000000000000000000000000000000000000000
0011010000000000000000001001000000010000000010100100000000000001100101000100001000000010000000000101100010000000000011001001100011001000010111101001000100000001111111111111111111100000000000000000000000000000000000000000000000000000000000000000000000000000000000000000000000000000000000000000000000000000000000000000000000000000000000000000000000000000000000000000000000000000000000000000000000000000000000000000000000000000000000000000000
0101000001001000000000000001000000000000110001000100100001000010100001010000000000000010011001010010001000111110110010000001010000100000100100010010000000010000000000100000000100111111111111111111111111111100000000000000000000000000000000000000000000000000000000000000000000000000000000000000000000000000000000000000000000000000000000000000000000000000000000000000000000000000000000000000000000000000000000000000000000000000000000000000000
0101010011000001100000000001111100100000011000111110000001000101010100010000100000000000010010010010000011000001100000100101101100011000110111010100000100001000000000101000010001000000010001000000001011001111111111111111111111111111111100000000000000000000000000000000000000000000000000000000000000000000000000000000000000000000000000000000000000000000000000000000000000000000000000000000000000000000000000000000000000000000000000000000000
0101000001011101101001100011000011101100110000110110000100000001010100000000000101000011001001101000001000000000100001010101111101010000100101000000100000001110100000100010000100000000000000000010010011010100000000010100000100010000000011111111111111111111000000000000000000000000000000000000000000000000000000000000000000000000000000000000000000000000000000000000000000000000000000000000000000000000000000000000000000000000000000000000000
0001110010011000000101000000100110110000000000010111000000000100010100000100010011000001000011001010000000000011110001001000000000000010010001000000001000010010001000010011110110000000000000100000000000000000000000000000001100000000000001000000000000100000111111111111110000000000000000000000000000000000000000000000000000000000000000000000000000000000000000000000000000000000000000000000000000000000000000000000000000000000000000000000000
0001000000000000100000000001000001111011000000010110000000010100101000010000010100000011001001010000000010000001100000000001001110001000000100000110010010011000000010100010000001000000000001100010000000000000000000000000011100001100100000100010001000000000011000000101001111111111000000000000000000000000000000000000000000000000000000000000000000000000000000000000000000000000000000000000000000000000000000000000000000000000000000000000000
1111111100010001001010010000000000100000100011000100001000010010000000000000000100001001001010010001100000000000000000001100000010010000000000001011000000010000000000000000000000000000000000000100000100001110000000000100001000000000000000000000010000000000000000010100000000000000111000000000000000000000000000000000000000000000000000000000000000000000000000000000000000000000000000000000000000000000000000000000000000000000000000000000000
0101000000000011000000000000001000000100000001010100000000000011000000000100000100000000000000011100001000000000100000000001000100000000001101101000000000010000000001100000100000000000000010100100000001001000000100100000001000000001000000100000000000010000010000000100000000000000000111111111110000000000000000000000000000000000000000000000000000000000000000000000000000000000000000000000000000000000000000000000000000000000000000000000000
0001000011000000000100001001001100001100100000010110100100000001000110000000000000000001100000000000100010000001100010000101101000001000000001011010100000010010000000000010100000000000000000100100000000000100000000000000100000010100000000100000000000001000100000100000000000000000000000000010001111111100000000000000000000000000000000000000000000000000000000000000000000000000000000000000000000000000000000000000000000000000000000000000000
1111111110000001101000000000000000010000100000101101100100100000110101000001000000000010011000000110010000000010110110000101101000101000010010100011010000000000000001100010100000000000000000001101000100000100000000100001000100000001000000000000000001000000100000000000000000000010000000001000000000000011111111100000000000000000000000000000000000000000000000000000000000000000000000000000000000000000000000000000000000000000000000000000000
0011000010010001000001011111000000110000110000010100001001001000000101010001000011010011001011000000000000000001101000000100000000000000000000110100001000010000001000000010110101100000000000000000000000000110100010000000010000100000000000000000000010000010100000000101000001000000010010000000000001000000000000011111000000000000000000000000000000000000000000000000000000000000000000000000000000000000000000000000000000000000000000000000000
0010000000010000000010001001001001100010101000010000000000000000000000100000000010011010101000010000000010000010000000000101000000001000000000110000010000000000000000100010000000000000000000000001000110000000000000000000000100000000000010000001000000010000000000000000000010000000001010000000000000000000000000000000111100000000000000000000000000000000000000000000000000000000000000000000000000000000000000000000000000000000000000000000000
1111111101010011001000100001100000110000001101000000100100100101000001000001100100000000000000000000000000000010100001000001000000000000000010010000000000010010000000001000100101100000110001000000000000001000000000001000010000000001000010000000000000000000010000000000000000000000000010001000000000000000000000000000001011111111111000000000000000000000000000000000000000000000000000000000000000000000000000000000000000000000000000000000000
0001000010111001001000010001100100101000110001000111000101010111000100000000000100000011001100011001001000000000100111001000101001100001110011110111010000001000101000100000000000000000001110101010000000010100000000000000000010110000000011000000000010000000000000100000000000000110011100000000000000000001000010100000000000000001000111110000000000000000000000000000000000000000000000000000000000000000000000000000000000000000000000000000000
0000010011010001010001000001101000100010010000000000000010000100100000000000001100000010010000000100100010000000100000000001001001010010010001010100010100011000001010000000000001000000000000000010010010000100000000001100000000010010010000000000000000110010000000000000000000000100000000000000000000100000000000001000001000000000000000001111111111111000000000000000000000000000000000000000000000000000000000000000000000000000000000000000000
0001010010001011000100000001001001000100000000000011001100000110001000000000100000000010010010011000000000000010000101000001000000110011000100001100000000000000000010000010000000000100000001000000000010000101000000000000000000010010000000000000000000010000000000000100000000000000000100000000000000000001000000010000000000000000001000000100000000000111111000000000000000000000000000000000000000000000000000000000000000000000000000000000000
0011000010000011010100011010000010101100011010100000001101000010010000000000000000010000010000000001010010111101000011001001001100010000010001010100000100001000000000000010110000100000010000000010100001010101000000000000010010110001100001000000000010010010111000000100000001001100001000000010101000000000000000000000000000000001000000011000000000000101010111111111111111111000000000000000000000000000000000000000000000000000000000000000000
0000000000010000001001000010101001100010000000010000001000000000000000000000000001000000000010010000000011000010000100000001100000001000100001000100000000000000100000000000100000101000000010000100000010000000000000000000100000010101000010000000010000000000000001000001000000001000100000000000000000100000000000010010000000000000000000000000000000000000000000000000000000000110000000000000000000000000000000000000000000000000000000000000000
0100000010001001000000000000000001010000010000010000001000000001110110000000000000011010010000011001010010000001100001001000000001001000100000000000000000000010000000000010000100000000000000100001000000000000011110000000000000100000000000011000000011000011000001000000000000000000000100000000100000000100000010000000000000000001000000000100000000000000000000000000000000000001111100000000000000000000000000000000000000000000000000000000000
0110000000010001001010000001001101100010100000010000010001000000001010010000000001010010001100010111000000000010010110000010000001101000000011000000000000011000100000001000000000000100010001010110000010000000000000010001101100110100000001100000000000100000010000000100000000000100100110000000000000000000000100001000010000000001100000000100000000000000000000000000000000000000000011111000000000000000000000000000000000000000000000000000000
0011000001010011000100010001100000000000101000111100000000011000000011001100000000000010001001000000101000000001101011001101000000110000000101000010000000001000000010010110000000000000000000000010000000001100000000000000011000000000000010000001000010000010010000000100000000000000101000000000000000000000000000000000010010000000001000000000000000000000000000000000000000000000000000100000000000000000000000000000000000000000000000000000000
0100000010000000100010000000000101111000001001000010000000001001000100001001000001010000000000000000001010000011100010001001000100101000010000010100011001000010001010100001100000000000010000000000000000000100000000000000101000000101000000100000010000010000110000000001000010000100001000001001000000000000000000000000010000000001000000100100000000000000000000000011111111111000000000001111111000000000000000000000000000000000000000000000000
0101000000001000001000000011000000000100111000110101011000001011000000000100000000000000000001001000000011000011100100001000000100000000100000001001000010000000000000000000000000000000010010000000101000000000000000000000100001100010000011000000000000000000000000000000000000000000100000000000000000000000000000000000000000100000000000000000000000000000000010000000000000000000000000000000000110000000000000000000000000000000000000000000000
0100000010000000001000100000000101100000010100010001000101000000000000000000000000000010010001010001000000000000010000000011001000001000100001100100000000000100000000000000000000000001000000000100000001001010000000010100000100000000000000000000000010000010000001000000000100000000000100000000100000000000000000000000000000000000000000000010000000000000000000000000000000000010000000000000000001000000000000000000000000000000000000000000000
0101000111010000100100010000111100000001011000001101101001010000110000000101000100000000000000010100000010000000100011001001000000000010011011100000010000001000001000000010011001100000000001000100000100110001001000000100000100000000000011000000100010010010011000000000000000000000100100001000000000001000000000000000010000000000000001010000000000000000000000100000000000000001111100000000000000111100000000000000000000000000000000000000000
0100010011000001000010000000100001100000110001000000000000010001000000000000000000000010001000000010000010000000000010001000000000010000010101100000000000000000001000010000100000000000000001000000100000000000011110000101110100000000000010000000000000000000000000001000000000000100010100000000000000000000000100000000000000000000000000000000000000000000000000000000000000000000000000100000000000000000000000000000000000000000000000000000000
0000000010010101101001000111100111010000010000001011001000000100100100001000000001000010000010001010000000000001111000000001001001110000010110101011001010010010000000100010000000000000000101100010000010000100000000000000100010011001000001101000001001010000000000100001000000000000100010000000010000000000001000000000000000000000000000010010000000000000000000100000000000000000000000000000000000000011100000000000000000000000000000000000000
0000000000000010000000010001000000100100000000000000101001000000000000000000000001000000010100001000010010000010010011001000000001000000000001100000001000011010000010101010000000000000000001100000000100001000001000000000000000000100000000000000000000000010000000010001000000000000000000011000000000000010000000000000000000010000001000000000000000000100000000000000000000000001111100000000000000000000010000000000000000000000000000000000000
1111111101000101000001011011000001100000011001110000100100000001010110111000010011001010011010011001001010000000000011100000000101100010010001001011011000010010010000100000000100010010110000100000000001001000000100000100100000010101000000100000000000010000000000000100000000000000001011110000100000000000000000000000000000000000000000100000000000000000001000000000000000000000000000001000000000000011001000000000000000000000000000000000000
0000000000000000001100000001001000000000110000000000000001110000010000010100010100000010001010001010000000000000000000000000101010000010000110000000000010000000100000000000001000000100000011000000000000000100100000000000000000100000100000000000001000000000000000000000000000000000000000000000000000000000000000000010000000000001000000000000000000000000000000000000000000000000000000000000000000000000000111000000000000000000000000000000000
0001010010011011100000001000000010110000001011011100000101000000000001010000000101000010001000001010011000000000110010000001101101001000001011001001000000010000101000100000000000000000000001000001000000010100000000000000000010101101000000000000000011010001010000000001000010001000001000001000000000010000000100000000000000010000001000000000000000000010000000010000000000000000000000000000000010000000000000100000000000000000000000000000000
0000000010000001100100000001100100100000011001000010101101110000100010000101010110100010010001010010100010000000110010000101000000000000010001000010010000011010000000001000000110000000000010000000000100001000100000000000000001010000100000100000000000010010110000000001000000000100000000000000000010000000000000000000000000000000010000000000000000000110100000100000000000000000000000000000000000000000000000011100000000000000000000000000000
0011000011000011100000000001000001110100011000001100010001000100110001010000000000000010000000011011001000000000000000010011001000010010100100000100011000000000000000001010110000000000000011000000100010001000000000000000000100000100000011000000000101000000000000000010100000000010000000000000000000000001000000000000000100000000000000000010000000000001000000000000000000000000000001000001000000000100000000010011110000000000000000000000000
0101000010000000000010001010000010010000000000000100001001010001000100000000000001000000010000000001001001000010000001000001000100001000000001000001000000000000100000100000000100100000000000100000000010001000000100000001000000000100100010000000000010010000000100000000000000000000101011100000000000000000000000000000000001000000000000000000000000000000000000000000000000000100000000000000000000000010000000000000001110000000000000000000000
1111111110000001100000011001000000001100010000111100101000011001101000001101000101001000001000000000001000000000110101010000101001010000010101100110001000010000000000110000000000000000000000100000000000000100000000000000000100010000010010000000000001000000001100001001000000000000010000000000000000001000000000000000000000000000010000000100000000000000000000100000000000000000000000000000000000100000000000000010000001000000000000000000000
0001000011001001000001001000000100100100100000111100000000001000100001010101100000000000000010000011011000111100100001010001010010011000000001101100010000001000001000001010010000000010010000100010000100001000000000000000000000100010000010000000000010100000000000000000000000000000000010000000010000000010010000000000000000000000000000000000000000000000000000001000000000000000000011000000000000000000000000000000000000000000000000000000000
0001010000000000000100000000000101000000010001000100000100010001000100000000000100000010000000001000000001000000000011001100100001100010000111101000001000000001000000000000000001000000000000000000000000000000000000000000101100000001000111000000000001000000000000000000000000000000000000000000000000000000001000000000100000000000000000000000000000000000110000100000000000000000000000000000000000000000100000000000000000110000000000000000000
0001010000001000001000000001001001010000111001000100000000000001000011010000100000000000000000010001000010000000000001000001001100000000010101110000100000010000001000000000110000001000000010000110000000000100000000000000001100100100000010000000000000000000010000000000100000000000010010010110000000000000000000000000010000000001000000000100000000000001110100001000000000000000000000000000001000000000000000000000000000101100000000000000000
0011010010000000100000000000000001101110001000010110001101000000000100010101000000000000000000000100001000000010100000100100101010000010000000000000000000001010001010001000000010000000000000100000000000000000100000000100100100000000000010000000000000000000000000000001000000000100000000001000000000000000000000000000000000000000000000100000000000000000000001000000000000000000000000000000000000010000000000000100000000000010000000000000000
0011000110010001100110010101000101101010100010010101100000000100110001010000000000010010100000000011010000000010100011000011011001000000000100100001010000000000001010001010000000000000000001000000000000000000000000000011000000000000000000000000100010010010011000000000000000000010000010000010000000000000000000001000000000000000000010000010000000000000010000000000000000000000000000000000000000000000000000000000001000000001000000000000000
0001100000000000000001010001100001100000101010011110000101000000010000000100010000000000011010000000100011000010100000000001100000100001000100001000001010001000001000100010000010001100000010000100000000000100000000000000100100010100100010100000000000000000000000000100100000000101000010000000000000000000000000000010010000000001011000000000000000000000000000000011111111111000000000010100000000000001000101000000000000000000000000000000000
0001000000000000001000000000001000100000010001011100000100000001000000010011000010000010110010001100000010000010001001001100000100110000010100000010010100000000001000010000100000000001000000001010000000000000000000000100001000000001000001000000100001010001001000000100000000000100100100001000000001000000000000000000000000000001001000000000000000000010000010000000000000000000000000100000100000000000000000000000000000000000000000000000000
0000000000101000100100000011001101100011001000001000110000100000011000000101000001010000000000010000001010000011100101000101000000000010010000110100000000000010101000001000000000100000000001000000000011100100000000000000100000000100000100100000000001000011010000000000010011000100000010000000001000001000000000100000000000000010000000000000000000000000000110001000000000000000000000000000000000000000000100000000000000001000110000000000000
0001000000001000001000000000000100100010110000000100000000000011001010000000000000000000010000001001000000000001100100000000000000000000000000001000011000000000000000000000000000000000010001100000000000001000000000000100100000101001000000000000000000000000010000000000000000000000000000000001101001001000000000000000010000110001001000000000000000000000000000000000000000000000000000100000000000000000001000000000000000000000000000000000000
0100010001000011011000001001000000011011111000000000000100000000000100001001010101000011010010011010000010000000000011001011000000001000000101000000000000010000000010001010010000000001010101000000001000000000000000000000000100000000000001000000000010010000001000000000000101000000000100000000100000100000100000001000000000000010000000100100000000000000010000000000000000000000000000000000001000000000000010000000000000000000001100000000000
0000010100000010000001000001101000000010000000011001100000000010001000100001000000000000000000011001000010000011100010000001111100101000000011100010000000000010000100000000000000100000000000000000000001000100000000100000000100010000000000000000000000010000011000000000000001001000101100000000000000010000000100000000000100000000000000000001111111111000000000000000000000000000000000000000000100000000000100000000100000000001000010000000000
0000000000001001101000001001000001110100001001001001100001000000110100001100010101001010001000010000000011000000000110000001100000111110000000000011010000000011000010001011000000000000000010000000000010000000000000000000000100000000000000001000010000010000000000100001000000000100001100001010000000000000100000010000010000000100001000000000000000000001000000000000000000000000000000000000000000000000010100000000000001000000000001000000000
0001000000011000100111001011000001101000100000111100001000000010010101000000000000010010001010010001000011000011100010001000001000000000110011000001001000001000010010001000100100100000111001100000000011000000000010000000110000100000000010010000011011000000010000000000000000000100000000000000010001000100000000100000010000000010000000000000000000000000010001000000000000000000000010000001000000000010000000000000000000011000000000100000000
0000000000010000000100001001000101100000000001010000000000010001000000000000000001110000000011010000000000000000010010000001100110000010000001000010000000010000000000001000000100000000000000000000000010001000000000000000001100000100010000000010000010010000000000000000000000000000010100000000001000000000011010001100000000000000000000000000000000000000000000001000000000000000000000000000000000000000000000000000000000000000010000010000000
0000000001000001000100001001000001000000010100100000001000000100010001000001000110001001010100010100000000000000110000000101000100110000000001101000000010101100000001101000000000100000010011000010000000000100000000000000010010010010000000100000000011100000011000000100000001000000100000000000000000000000000100000000000000000000000000000000000000000000000000010000000000000000000010010000000000000000001000000100000000000000000000000000000
0000000000010010100000000001000000111000111011010001000001001011110000100101000000000010001001000000000000000000100101001100100101010000010111001011000000010000000000100000000000000000010001100100001100000100000000000001000001000001100000000000000000000000000000000100000000000000010110000000000000000000000000000000000000001001000000000000000000000001000100100000000000000000000000100000000000000000000000000100000000000000100000001110000
0001000000011001000000000000100000000000001010010100000000010001000000000100000101000000010010000000101000000010000000000000101001100000000001101010000000001000100000000010100000000000000001000100100110000010000000000010000000010100100010000000010000000000000000000000000001000000010010000000000000000000100000000000000000000000000000000000000000000000000000000000000000000000000010000000000000000000000000000000000001000000000000000000000
0001000010000001101000000011101000100000010011001111000000001000010101000101000001000010111010000001001010000011110100000011001001110011000101101010010110010000100000110000010100000000000111100010000000000000000001100100001110110100100001000000000001000000010000000000000000001011010010000000000000101100000000000000000000000001000000000000000000000001010000000000000000000000000100000100000001000000000001000000001110000000000010000001000
0010000000010010100000001001001001010010001100010000100001010000000000010000000101000010000000010000101010000000000001001001000010000000010011001010000000000000000010001010000000000000000000000100000001001100001000010000000000000000000000000000000010000010010000000001000010000000001000011000000000000000101100000000000000000000000000000010000000000000000000000000000000000001111100000000000000100000000100000000001000000010100000000000100
0001010001000101100000000001100000000010010000010110000000001000010000001000000101000000101000010000000000000011000000000101101101000000000001000000011000010000100000100010010010000000010000001000000101010000100000001000000000000000000000000000000001000000000000000010000000000100100000000000000000000000000000000000000000000000000000000000000000000000000000000100000000000000000000000000000000000000000000000000000000000100000000000000010
0101000000000001000000101001000000100000100110010000000000010001010000000000010000000000000000010000000110000000000101101000000001001010010000100010000000000000000000000000000100100000000010100000000110000001011110000000010100000000000000000000100000000010011000000001000010000100000100001000000000000000000000101000000000000000001000000000000000000000000000000000000000000001111100000000000000001010000000000000000000000010000000000000000
0000010000001001101100010000100001110110010110001010001001000010011000011001000011000000000010001010001000000011100010101110001000001010010001011000011000010000000000000000010000000000000010100001000100001110000000000000000100011000000000100000000000000000011000000100000000001100001000000000000100010000000000000000000100000001000010000000000000000000000000100000000000000100000001000000000000000000100000000000100000000000000000000000010
0001000000000001000000000010000000010001100000101100100000000100101000000000000000000010000000010001001000000000100000000000000100000000000001000000010000000000100001100000010101100000000001000010000000000000000000000100100000000001000000000000000000010010010000000000000000000000000000001000000000000000000000000000000011000000000000000000000000000001000000000000000000000100000000000000000000000000000100000000000000000000000000000000000
0100000000000000100000010101000100110000000001000000100000011001000100000001000000000000000000000000000010000000000000001111001000000000000000001001000000001010000000101000000000000010000000100000110000000100011110000100000000010000000000100000000000100000000100000000000000000000000000000010000000000000000000000000001000000000000000000001111111111000000000000000000000000000000000000000000000000000000000000000000000000000000000000000000
0001000100001001000100000001000000110000100011010100000001000000000100010100000000000010000000001110001000000010100110000001101001010010110001001000000000011000000000000000110010100000010000000000000000000000000000000000000100100000000000100001110000010000000000000001000000000000000100000000101000000010100100000000000100000001000000000000000000000000000000000000000000000000000010000100001000000010001001000000010000000000100000000000000
0011010100000010000100000001011100100000000001001111100000000001000000010000000011000000000000011010000010000010100100000110001000000000000101000000001000001000100000101010010000000000010000000000000000000000000000100000100000000011010000000000000000010010100000000000000000000100000100000000000000000000000000000010000000000000000000100000000000000011000001000000000000000000000000000000000100000000000000000000010000000000001000000001010
0000000011001001100100000000000000101000001010010000000100000000000000000010000001000010010000011000000000000000100010000000001001100000000101000100010000010010001000000000100000100011000010100000000010000100000000000000000000010001000100010000000010000000000001100100000000000100010000001000000000000100000000000000100000000000000000000001111111111000000001000000000000000000000000000000000000000010000000000000000000000000000000000000000
0100010000000000000000001000000001100000010011110010100000000101000010000001000000010011000001010000001010000011010010100001100100000100000000000000000001001000001000100000100000000010000001100000000000000000000000000100100000010000100000010000000000000001010000000100000000000000100000000000100000000000000000000100100001000000000001000000000000000000000000001000000000000000000000000000000000000000001000000000100000000100000000000000000
0001000000000001000100000001011111000000000010110111010001010000100100000000000000000010011001000010000010000010000001000100101001000000000000011010010000010010000000001000000010100000000000100000100000000000000000000110100100000000000000000000000001000000011000000001000010000000100110000010000100000001000100000000000000000000000000101000000000000000000000000000000000000000000000000000000000000000000010010000100000000000000000000010000
0100010000000001100000000001001000000010010000011001001000000001100101000100000101000010000010000000000010000000100011000001001000000000000011000010001000000000000000001010111001000000010111000000000000001010011110000000101100000000000100000000000000000000000000000000000100000000000000000000010000001000000000000000000000010000000000000000000000000000000000000000000000000000000000010000000000100001010000000000000001010000000000000010000
0000000000000001000000010000000000000010010000010000000000000010000000000000010100000000001000010001000000000010110100010000000001100000000100000010010000001000001010011000100000000000000000000000000000000000000000000000100000100100100000000000010011000001000000000000000001000000110000000000000000000000000000001000100000000000000000100000000000000000000010000000000000000000000000000101000000000000000000000000000000000000000000000000000
0101000000010011000100101000001000100000000000001100000000010100000000000101000100000000111000000010000000000010100000001001000000000000000010001000000000000101001000110000110010010000010010000101000010000100000000000001001000100000010000100000101000010010000000000011000000000100000110000000000000000000000000000000000000000000000000000000000000000000000000000000000000000000000000000000000000100010000000000000010000000000000000000000001